Date;Time;Weekday;P_pump;p_TDLAS;p_in;I_total;U_supply;external_pump;Runtime;Conc_estimate;pCH4;xCH4;T_control;T_gas;%rH_gas;
-;-;-;W;mbar;mbar;mA;V;-;s;ppm;µatm;ppm;°C;°C;%;
2023-05-16;18:39:06;2;8,734;1005,09;993,28;1666,4;12,462421;1;3566372;0;0;0;22,127;22,647;54,947;
2023-05-16;18:39:16;2;1,665;1005,22;993,48;1312,9;12,484605;1;3566382;0,554;0,534;0,545;22,322;22,651;62,945;
2023-05-16;18:39:26;2;5,545;1004,1;992,6;1601,3;12,494422;1;3566392;2,629;2,533;2,586;22,563;22,689;64,427;
2023-05-16;18:39:36;2;4,343;1003,88;992,39;1714,6;12,421389;1;3566402;2,295;2,21;2,257;22,895;22,715;64,956;
2023-05-16;18:39:46;2;6,833;1000,94;989,75;1972,775;12,246072;1;3566412;1,867;1,792;1,835;23,049;22,739;65,188;
2023-05-16;18:39:56;2;0,824;1004,04;992,37;1315,05;12,451623;1;3566422;2,222;2,14;2,185;23,199;22,757;65,179;
2023-05-16;18:40:49;2;8,584;1009,78;998,03;1565,825;12,44161;1;3566431;0;0;0;22,803;22,715;61,855;
2023-05-16;18:42:03;2;6,792;1005,22;993,4;1440,925;12,486176;1;3566449;0;0;0;22,752;22,727;61,717;
2023-05-16;18:42:13;2;7,017;1005,39;993,5;1835,925;12,293779;1;3566459;0,592;0,571;0,582;22,92;22,759;64,27;
2023-05-16;18:42:23;2;6,989;1005,46;993,52;1841,975;12,288674;1;3566469;2,985;2,879;2,937;23,194;22,801;64,657;
2023-05-16;18:42:33;2;7,034;1005,48;993,51;1847,25;12,289852;1;3566479;3,229;3,115;3,177;23,423;22,821;64,703;
2023-05-16;18:42:43;2;6,987;1005,53;993,61;1835,35;12,292798;1;3566489;3,581;3,455;3,524;23,593;22,859;64,673;
2023-05-16;18:42:53;2;6,884;1005,57;993,66;1820,625;12,297116;1;3566499;3,719;3,588;3,659;23,735;22,881;64,628;
2023-05-16;18:43:03;2;7,004;1005,6;993,82;1821,375;12,292405;1;3566509;4,18;4,033;4,112;23,861;22,911;64,549;
2023-05-16;18:43:13;2;6,815;1005,56;993,86;1817,475;12,293779;1;3566519;4,309;4,158;4,24;24,001;22,931;64,468;
2023-05-16;18:43:23;2;7,029;1005,55;993,86;1826,45;12,301043;1;3566529;4,395;4,241;4,324;24,097;22,961;64,389;
2023-05-16;18:43:33;2;6,986;1005,66;993,97;1815;12,300454;1;3566539;4,325;4,175;4,256;24,206;22,987;64,315;
2023-05-16;18:43:43;2;6,927;1005,68;993,98;1813,325;12,29908;1;3566549;4,476;4,32;4,404;24,307;23,015;64,253;
2023-05-16;18:43:53;2;6,769;1005,62;993,99;1821,4;12,303399;1;3566559;4,583;4,424;4,51;24,41;23,047;64,161;
2023-05-16;18:44:03;2;6,771;1005,63;994,11;1807,325;12,296724;1;3566569;4,601;4,442;4,528;24,508;23,067;64,074;
2023-05-16;18:44:13;2;6,851;1005,59;994,17;1812,3;12,297902;1;3566579;4,62;4,46;4,545;24,591;23,097;64,001;
2023-05-16;18:44:23;2;7,016;1005,7;994,14;1810,05;12,303792;1;3566589;4,562;4,404;4,488;24,693;23,135;63,935;
2023-05-16;18:44:33;2;6,821;1005,63;994,21;1814,025;12,300258;1;3566599;4,91;4,74;4,831;24,773;23,161;63,836;
2023-05-16;18:44:43;2;6,848;1005,66;994,24;1809,975;12,304773;1;3566609;4,666;4,504;4,591;24,861;23,197;63,757;
2023-05-16;18:44:53;2;6,83;1005,55;994,34;1807,875;12,301043;1;3566619;4,605;4,446;4,531;24,91;23,229;63,684;
2023-05-16;18:45:03;2;6,753;1005,63;994,37;1797,95;12,304577;1;3566629;4,493;4,339;4,421;25,031;23,255;63,603;
2023-05-16;18:45:13;2;6,766;1005,67;994,37;1797,55;12,303792;1;3566639;4,698;4,536;4,622;25,109;23,277;63,51;
2023-05-16;18:45:23;2;6,739;1005,75;994,41;1808,925;12,305755;1;3566649;4,682;4,521;4,607;25,176;23,307;63,418;
2023-05-16;18:45:33;2;6,67;1005,6;994,45;1803,125;12,302221;1;3566659;4,659;4,499;4,584;25,279;23,337;63,332;
2023-05-16;18:45:53;2;6,736;1005,73;994,58;1801,223;12,301702;1;3566679;5,034;4,862;4,953;25,382;23,393;63,197;
2023-05-16;18:46:03;2;6,845;1005,76;994,64;1814,825;12,301436;1;3566689;5,186;5,008;5,102;25,514;23,445;63,077;
2023-05-16;18:46:13;2;6,756;1005,82;994,64;1801,125;12,30281;1;3566699;5,669;5,476;5,578;25,588;23,477;62,991;
2023-05-16;18:46:23;2;6,614;1005,74;994,73;1790,225;12,305755;1;3566709;5,965;5,762;5,87;25,656;23,497;62,891;
2023-05-16;18:46:33;2;6,747;1005,74;994,8;1795,25;12,307129;1;3566719;6,239;6,027;6,139;25,736;23,539;62,795;
2023-05-16;18:46:43;2;6,623;1005,68;994,79;1797,5;12,299865;1;3566729;6,728;6,499;6,619;25,818;23,581;62,698;
2023-05-16;18:46:53;2;6,799;1005,82;994,92;1799,175;12,301632;1;3566739;7,187;6,944;7,072;25,879;23,613;62,594;
2023-05-16;18:47:03;2;6,845;1005,69;994,92;1804,525;12,309289;1;3566749;7,117;6,876;7,003;25,964;23,651;62,497;
2023-05-16;18:47:13;2;6,733;1005,69;994,98;1806,7;12,303399;1;3566759;7,493;7,24;7,373;26,032;23,667;62,396;
2023-05-16;18:47:23;2;6,844;1005,73;994,98;1813,9;12,303006;1;3566769;7,769;7,507;7,644;26,104;23,711;62,3;
2023-05-16;18:47:33;2;6,671;1005,67;995,01;1796,875;12,304773;1;3566779;7,587;7,331;7,466;26,17;23,747;62,202;
2023-05-16;18:47:43;2;6,822;1005,74;995,07;1804,575;12,299472;1;3566789;7,597;7,342;7,476;26,251;23,787;62,092;
2023-05-16;18:47:53;2;6,803;1005,61;995,08;1803,375;12,307914;1;3566799;7,453;7,202;7,333;26,336;23,823;61,988;
2023-05-16;18:48:03;2;6,758;1005,68;995,11;1797,175;12,303399;1;3566809;7,575;7,32;7,454;26,389;23,849;61,877;
2023-05-16;18:57:10;2;6,706;1005,46;995,03;1412,025;12,496385;1;3566825;0;0;0;24,513;23,465;58,881;
2023-05-16;18:57:20;2;6,98;1005,59;995,06;1826,925;12,304577;1;3566835;1,282;1,238;1,261;24,718;23,543;62,016;
2023-05-16;18:57:30;2;6,77;1005,58;995,04;1815,75;12,299276;1;3566845;7,377;7,128;7,259;25,002;23,595;62,439;
2023-05-16;18:57:40;2;6,834;1005,54;995,07;1817,7;12,301239;1;3566855;7,531;7,277;7,41;25,213;23,647;62,496;
2023-05-16;18:57:50;2;6,912;1005,56;995,13;1816,875;12,300454;1;3566865;7,833;7,569;7,707;25,392;23,687;62,49;
2023-05-16;18:58:00;2;6,923;1005,57;995,21;1824,05;12,298687;1;3566875;8,024;7,754;7,895;25,538;23,719;62,441;
2023-05-16;18:58:10;2;6,891;1005,46;995,27;1807,9;12,304184;1;3566885;7,609;7,354;7,486;25,652;23,759;62,386;
2023-05-16;18:58:20;2;6,88;1005,57;995,3;1815,075;12,298883;1;3566895;7,683;7,426;7,56;25,763;23,809;62,34;
2023-05-16;18:58:30;2;6,973;1005,58;995,35;1809,325;12,299472;1;3566905;7,621;7,366;7,498;25,879;23,841;62,266;
2023-05-16;18:58:40;2;6,975;1005,69;995,39;1810,425;12,303203;1;3566915;7,915;7,651;7,788;25,992;23,883;62,224;
2023-05-16;18:58:50;2;6,885;1005,66;995,39;1810,6;12,306344;1;3566925;7,732;7,474;7,608;26,073;23,901;62,154;
2023-05-16;18:59:00;2;6,76;1005,57;995,45;1811;12,301043;1;3566935;7,797;7,537;7,672;26,166;23,939;62,068;
2023-05-16;19:04:44;2;6,721;1005,46;995,4;1421,925;12,498937;1;3566944;0;0;0;24,791;23,511;59,947;
2023-05-16;19:04:54;2;6,818;1005,48;995,38;1817,125;12,297706;1;3566954;1,462;1,413;1,438;24,976;23,597;62,427;
2023-05-16;19:05:04;2;6,894;1005,53;995,41;1820,7;12,292601;1;3566964;8,559;8,274;8,422;25,26;23,655;62,723;
2023-05-16;19:05:14;2;6,83;1005,53;995,44;1821,225;12,29908;1;3566974;8,907;8,61;8,764;25,471;23,703;62,724;
2023-05-16;19:05:24;2;6,903;1005,56;995,49;1821,4;12,293779;1;3566984;8,737;8,446;8,597;25,65;23,741;62,676;
2023-05-16;19:05:34;2;7,092;1005,55;995,51;1821,1;12,301435;1;3566994;8,483;8,201;8,347;25,792;23,781;62,61;
2023-05-16;19:05:44;2;6,855;1005,61;995,53;1819,65;12,294172;1;3567004;8,262;7,987;8,129;25,914;23,819;62,549;
2023-05-16;19:05:54;2;6,944;1005,58;995,62;1804,775;12,302417;1;3567014;8,445;8,165;8,31;26,018;23,871;62,484;
2023-05-16;19:06:04;2;6,833;1005,73;995,69;1816,125;12,298883;1;3567024;8,245;7,972;8,113;26,139;23,895;62,403;
2023-05-16;19:06:14;2;6,879;1005,72;995,77;1816,65;12,297509;1;3567034;8,313;8,039;8,18;26,237;23,939;62,319;
2023-05-16;19:06:24;2;6,924;1005,64;995,73;1812,4;12,297313;1;3567044;8,091;7,824;7,961;26,328;23,964;62,219;
2023-05-16;19:06:34;2;6,766;1005,68;995,84;1806,475;12,29692;1;3567054;8,277;8,005;8,145;26,418;24,005;62,165;
2023-05-16;19:06:09;2;6,792;1005,73;995,88;1796,7;12,299276;1;3567064;8,349;8,074;8,216;26,509;24,043;62,061;
2023-05-16;19:06:19;2;6,806;1005,7;995,9;1818,175;12,298294;1;3567074;8,367;8,092;8,233;26,576;24,083;61,982;
2023-05-16;19:06:29;2;6,817;1005,76;995,99;1801,375;12,296527;1;3567084;8,419;8,143;8,285;26,653;24,119;61,902;
2023-05-16;19:06:39;2;6,85;1005,71;995,96;1809,65;12,301239;1;3567094;8,451;8,174;8,316;26,756;24,151;61,81;
2023-05-16;19:06:49;2;6,839;1005,85;996,01;1812,425;12,29535;1;3567104;8,742;8,455;8,602;26,828;24,193;61,713;
2023-05-16;19:06:59;2;6,906;1005,84;996,11;1815;12,301632;1;3567114;8,838;8,55;8,697;26,906;24,231;61,627;
2023-05-16;19:07:09;2;6,795;1005,88;996,12;1806,45;12,303988;1;3567124;8,939;8,648;8,797;26,996;24,263;61,54;
2023-05-16;19:07:19;2;6,703;1005,85;996,16;1809,05;12,300061;1;3567134;9,054;8,759;8,909;27,071;24,299;61,454;
2023-05-16;19:07:29;2;6,742;1005,87;996,22;1809,325;12,303006;1;3567144;9,217;8,918;9,07;27,146;24,327;61,336;
2023-05-16;19:07:39;2;6,807;1005,97;996,29;1804,8;12,304184;1;3567154;9,517;9,208;9,365;27,221;24,371;61,257;
2023-05-16;19:07:49;2;6,746;1006,03;996,27;1800,4;12,30438;1;3567164;9,61;9,298;9,457;27,28;24,419;61,161;
2023-05-16;19:07:59;2;6,768;1006,02;996,33;1800,8;12,301436;1;3567174;9,934;9,612;9,776;27,361;24,451;61,062;
2023-05-16;19:08:09;2;6,734;1006,07;996,33;1808,05;12,304381;1;3567184;10,147;9,819;9,986;27,42;24,483;60,957;
2023-05-16;19:09:11;2;6,756;1006,16;996,45;1798,22;12,304061;1;3567246;10,606;10,264;10,437;27,67;24,604;60,611;
2023-05-16;19:10:11;2;6,75;1006,19;996,61;1799,504;12,304888;1;3567306;11,025;10,672;10,85;28,068;24,836;59,993;
2023-06-21;16:10:36;3;6,978;1008,48;999,89;854,541;18,685206;1;3637170;1,076;1,045;1,059;38,998;36,352;48,861;
2023-06-21;16:11:36;3;6,965;1008,57;999,97;843,102;18,686089;1;3637230;1,113;1,082;1,096;38,997;36,372;48,821;
2023-06-21;16:12:36;3;6,959;1008,65;1000,04;848,381;18,686531;1;3637290;1,156;1,124;1,138;38,999;36,393;48,793;
2023-06-21;16:13:36;3;6,944;1008,7;1000,09;848,845;18,683423;1;3637350;1,198;1,164;1,179;39,003;36,407;48,765;
2023-06-21;16:14:36;3;6,955;1008,71;1000,12;856,291;18,687905;1;3637410;1,098;1,067;1,081;38,997;36,418;48,74;
2023-06-21;16:15:36;3;6,986;1008,72;1000,12;851,485;18,688118;1;3637470;1,11;1,078;1,092;39;36,435;48,718;
2023-06-29;19:00:59;4;6,278;1041,11;1022,2;755,875;23,969826;1;3643235;121,144;121,462;120,398;39,003;33,019;50,406;
2023-06-29;19:01:59;4;6,576;1041,09;1022,19;774,718;23,952141;1;3643295;121,798;122,116;121,047;38,999;33,068;50,334;
2023-06-29;19:02:59;4;6,536;1041,17;1022,28;770,568;23,962055;1;3643355;122,305;122,639;121,554;39;33,114;50,348;
2023-06-29;19:03:59;4;6,524;1041,08;1022,2;767,839;23,955626;1;3643415;122,879;123,201;122,121;38,998;33,16;50,23;
2023-06-29;19:04:59;4;6,523;1041,03;1022,17;763,57;23,9632;1;3643475;123,343;123,66;122,581;39,001;33,187;50,132;
2023-06-30;19:00:59;5;6,261;1045,89;1026,55;737,695;23,942161;1;3646235;187,881;189,428;186,972;39,001;33,27;53,448;
2023-06-30;19:01:59;5;6,564;1046,48;1027,16;756,172;23,917735;1;3646295;192,931;194,668;192,03;38,999;33,311;53,584;
2023-06-30;19:02:59;5;6,539;1046,86;1027,55;761,068;23,934913;1;3646355;198,038;199,917;197,134;38,998;33,352;53,628;
2023-06-30;19:03:59;5;6,52;1047,19;1027,87;755,25;23,925899;1;3646415;203,198;205,21;202,289;38,999;33,378;53,533;
2023-06-30;19:04:59;5;6,486;1047,64;1028,3;751,312;23,918684;1;3646475;207,687;209,856;206,784;39,001;33,412;53,618;
2023-07-01;19:00:59;6;6,257;1044,18;1024,78;731,741;23,923625;1;3649235;295,491;297,269;293,923;39,001;33,385;52,847;
2023-07-01;19:01:59;6;6,55;1044,5;1025,09;754,92;23,910438;1;3649295;297,743;299,654;296,19;38,999;33,423;52,84;
2023-07-01;19:02:59;6;6,523;1044,77;1025,35;748,81;23,906005;1;3649355;300,108;302,132;298,565;38,999;33,464;52,764;
2023-07-01;19:03:59;6;6,552;1045,02;1025,54;746,889;23,917212;1;3649415;301,744;303,857;300,213;38,997;33,497;52,653;
2023-07-01;19:04:59;6;6,503;1045,4;1025,89;747,32;23,907903;1;3649475;303,255;305,513;301,748;39;33,521;52,713;
2023-07-02;19:00:59;7;6,239;1039,36;1019,7;730,445;23,944092;1;3652235;558,713;558,538;555,004;38,999;33,494;52,09;
2023-07-02;19:01:59;7;6,534;1038,81;1019,06;746,237;23,933768;1;3652295;565,449;564,831;561,608;38,999;33,533;51,99;
2023-07-02;19:02:59;7;6,52;1038,3;1018,53;748,008;23,935044;1;3652355;571,189;570,186;567,229;39;33,548;51,903;
2023-07-02;19:03:59;7;6,517;1037,79;1017,98;745,908;23,928549;1;3652415;576,787;575,382;572,707;38,998;33,575;51,827;
2023-07-02;19:04:59;7;6,54;1037,31;1017,47;743,61;23,937417;1;3652475;581,754;579,968;577,561;38,998;33,604;51,754;
2023-07-03;19:00:59;1;6,239;1031,64;1011,38;725,435;23,945417;1;3655235;736,832;729,02;730,364;39;33,472;52,224;
2023-07-03;19:01:59;1;6,576;1030,95;1010,64;753,652;23,938693;1;3655295;735,191;726,725;728,597;38,999;33,502;52,12;
2023-07-03;19:02:59;1;6,528;1030,25;1009,94;748,5;23,939347;1;3655355;733,884;724,786;727,161;39,001;33,537;52,021;
2023-07-03;19:03:59;1;6,539;1029,59;1009,24;744,091;23,936991;1;3655415;732,016;722,311;725,176;38,998;33,568;51,926;
2023-07-03;19:04:59;1;6,546;1028,91;1008,55;741,302;23,936435;1;3655475;730,646;720,326;723,681;38,999;33,582;51,844;
2023-07-04;19:00:59;2;6,229;1020,12;999,1;779,464;23,925228;1;3658235;746,92;727,679;737,982;38,999;32,626;49,164;
2023-07-04;19:01:59;2;6,522;1019,39;998,4;797,608;23,915788;1;3658295;743,369;723,568;734,324;39;32,661;49,029;
2023-07-04;19:02:59;2;6,541;1018,71;997,68;800,685;23,917424;1;3658355;739,29;718,938;730,154;38,998;32,714;48,907;
2023-07-04;19:03:59;2;6,531;1018,02;996,96;784,427;23,924492;1;3658415;735,598;714,698;726,369;39,004;32,75;48,799;
2023-07-04;19:04:59;2;6,507;1017,38;996,26;794,129;23,919338;1;3658475;731,551;710,14;722,243;39;32,787;48,702;
2023-07-05;19:00:59;3;6,226;1021,76;999,75;822,497;23,911616;1;3661235;392,459;382,776;387,941;39,003;31,894;47,487;
2023-07-05;19:01:59;3;6,524;1021,08;999,04;847,416;23,897138;1;3661295;391,999;381,982;387,413;38,999;31,97;47,299;
2023-07-05;19:02:59;3;6,543;1020,48;998,42;841,822;23,903584;1;3661355;391,436;381,13;386,791;39,001;32,032;47,151;
2023-07-05;19:03:59;3;6,554;1019,88;997,82;837,064;23,904369;1;3661415;390,938;380,355;386,234;38,999;32,097;47,024;
2023-07-05;19:04:59;3;6,504;1019,36;997,32;833,016;23,903731;1;3661475;389,877;379,077;385,13;39;32,152;46,973;
2023-07-06;19:00:59;4;6,266;1024,71;1001,75;816,358;23,912009;1;3664235;143,758;140,606;142,219;39,001;31,957;47,679;
2023-07-06;19:01:59;4;6,58;1024,17;1001,21;836,445;23,904221;1;3664295;142,347;139,131;140,802;39,001;32,04;47,487;
2023-07-06;19:02:59;4;6,571;1023,67;1000,7;841,602;23,90558;1;3664355;141,121;137,843;139,571;39;32,114;47,332;
2023-07-06;19:03:59;4;6,527;1023,17;1000,22;825,741;23,909391;1;3664415;139,725;136,395;138,171;39;32,172;47,176;
2023-07-06;19:04:59;4;6,552;1022,72;999,75;823,627;23,907281;1;3664475;138,345;134,967;136,789;39,001;32,221;47,059;
2023-08-09;18:48:32;3;6,318;1026,36;1002,11;879,887;23,87065;1;3667500;90,276;88,368;89,351;39,002;31,218;47,018;
2023-08-09;18:49:32;3;6,594;1026,08;1001,87;887,827;23,869276;1;3667560;96,587;94,517;95,59;38,999;31,326;46,786;
2023-08-09;18:50:32;3;6,517;1025,75;1001,64;876,833;23,869636;1;3667620;102,846;100,609;101,775;39,002;31,419;46,563;
2023-08-09;18:51:32;3;6,532;1025,47;1001,42;870,679;23,885833;1;3667680;108,763;106,366;107,622;39,002;31,506;46,378;
2023-08-09;18:52:32;3;6,474;1025,15;1001,06;864,27;23,884769;1;3667740;114,251;111,684;113,043;39,002;31,583;46,217;
2023-08-09;18:53:32;3;6,467;1024,97;1000,83;859,356;23,885325;1;3667800;119,688;116,966;118,416;38,998;31,644;46,063;
2023-08-09;18:54:32;3;6,477;1024,73;1000,6;852,352;23,895305;1;3667860;124,738;121,864;123,404;39,001;31,704;45,919;
2023-08-09;18:55:32;3;6,493;1024,47;1000,35;847,387;23,897645;1;3667920;129,397;126,375;128,004;39,002;31,748;45,799;
2023-08-09;18:56:32;3;6,475;1024,29;1000,18;847,01;23,890168;1;3667980;134,002;130,844;132,552;39,001;31,795;45,709;
2023-08-09;18:57:32;3;6,481;1024,03;999,92;842,147;23,897301;1;3668040;138,49;135,18;136,983;39,001;31,843;45,594;
2023-08-09;18:58:32;3;6,463;1023,76;999,64;837,814;23,897677;1;3668100;142,816;139,354;141,251;39,003;31,876;45,493;
2023-08-09;18:59:32;3;6,463;1023,52;999,37;837,197;23,901195;1;3668160;147,202;143,586;145,579;39;31,92;45,416;
2023-08-09;19:00:32;3;6,45;1023,32;999,13;841,241;23,89542;1;3668220;151,486;147,72;149,807;38,997;31,952;45,347;
2023-08-09;19:01:32;3;6,5;1023,07;998,86;832,654;23,902798;1;3668280;155,61;151,69;153,874;39,001;31,981;45,27;
2023-08-09;19:02:32;3;6,486;1022,83;998,58;835,081;23,90913;1;3668340;159,838;155,757;158,045;39;32,007;45,19;
2023-08-09;19:03:32;3;6,46;1022,6;998,35;837,512;23,903878;1;3668400;163,932;159,699;162,082;38,998;32,027;45,131;
2023-08-09;19:04:32;3;6,467;1022,37;998,08;831,493;23,911633;1;3668460;167,813;163,426;165,909;38,999;32,061;45,08;
2023-08-10;19:00:59;4;6,347;1029,93;1005,25;834,545;-15,897783;1;3671268;93,799;91,619;92,798;39;31,952;47,212;
2023-08-10;19:01:59;4;6,501;1036,1;1011,13;848,097;23,829815;1;3671328;35,782;35,438;35,512;38,999;31,927;48,658;
2023-08-10;19:02:59;4;6,482;1036,12;1011,11;841,204;23,823238;1;3671388;39,51;39,129;39,212;39,002;32,008;48,43;
2023-08-10;19:03:59;4;6,406;1036,14;1011,13;827,966;23,812718;1;3671448;43,213;42,798;42,887;39;32,081;48,245;
2023-08-10;19:04:59;4;6,431;1036,25;1011,17;824,139;23,834641;1;3671508;46,832;46,385;46,48;39,001;32,153;48,13;
2023-08-11;19:00:59;5;6,217;1036,63;1011,24;827,902;23,80215;1;3674268;19,893;19,707;19,746;39,003;31,842;48,276;
2023-08-11;19:01:59;5;6,513;1036,55;1011,1;846,316;23,795246;1;3674328;21,806;21,598;21,644;38,998;31,922;48,077;
2023-08-11;19:02:59;5;6,469;1036,46;1010,98;838,341;23,803655;1;3674388;23,689;23,46;23,513;39;31,995;47,886;
2023-08-11;19:03:59;5;6,426;1036,4;1010,89;833,083;23,799712;1;3674448;25,462;25,213;25,271;38,999;32,062;47,733;
2023-08-11;19:04:59;5;6,433;1036,33;1010,79;830,752;23,807205;1;3674508;27,186;26,917;26,982;39,002;32,117;47,589;
2023-08-12;19:00:59;6;6,195;1045,15;1019,13;795,304;23,788325;1;3677268;39,228;39,257;39,03;39,001;32,345;50,193;
2023-08-12;19:01:59;6;6,479;1045,88;1019,77;805,7;23,785953;1;3677328;47,715;47,79;47,484;39,001;32,402;49,963;
2023-08-12;19:02:59;6;6,472;1046,66;1020,5;807,347;23,798043;1;3677388;55,912;56,052;55,653;39,001;32,462;49,812;
2023-08-12;19:03:59;6;6,405;1047,47;1021,24;803,6;23,797929;1;3677448;63,974;64,196;63,693;39;32,53;49,662;
2023-08-12;19:04:59;6;6,342;1048,31;1022;798,687;23,794918;1;3677508;71,654;71,972;71,356;38,999;32,579;49,555;
2023-08-13;19:00:59;7;6,175;1044,77;1016,09;789,791;23,758615;1;3680268;61,722;61,577;61,404;39;32,388;51,081;
2023-08-13;19:01:59;7;6,439;1045,14;1016,4;815,054;23,759122;1;3680328;70,49;70,353;70,134;39;32,441;50,963;
2023-08-13;19:02:59;7;6,449;1045,53;1016,77;810,375;23,773715;1;3680388;79,046;78,929;78,655;38,999;32,506;50,898;
2023-08-13;19:03:59;7;6,405;1045,97;1017,16;806,57;23,756864;1;3680448;87,287;87,203;86,867;39;32,561;50,843;
2023-08-13;19:04:59;7;6,377;1046,27;1017,36;794,985;23,760006;1;3680508;95,124;95,058;94,674;39;32,617;50,7;
2023-08-14;19:00:59;1;6,177;1033,59;1004,28;812,162;23,750304;1;3683268;244,97;240,801;242,951;39,001;32,117;49,01;
2023-08-14;19:01:59;1;6,465;1033,27;1003,94;828,737;23,739457;1;3683328;264,737;260,122;262,532;39;32,18;48,815;
2023-08-14;19:02:59;1;6,401;1032,97;1003,67;819,754;23,742451;1;3683388;284,522;279,462;282,129;38,999;32,24;48,664;
2023-08-14;19:03:59;1;6,361;1032,73;1003,41;820,741;23,7434;1;3683448;302,646;297,167;300,081;39;32,31;48,531;
2023-08-14;19:04:59;1;6,403;1032,4;1003,2;812,631;23,752365;1;3683508;320,475;314,579;317,729;38,999;32,359;48,401;
2023-08-15;19:00:59;2;6,161;1036,1;1005,81;800,931;23,762688;1;3686268;156,156;153,84;154,978;39;32,283;49,478;
2023-08-15;19:01:59;2;6,485;1035,77;1005,38;812,529;23,768169;1;3686328;172,707;170,058;171,389;39;32,349;49,286;
2023-08-15;19:02:59;2;6,432;1035,49;1005,08;814,933;23,77028;1;3686388;188,892;185,923;187,435;38,999;32,421;49,146;
2023-08-15;19:03:59;2;6,405;1035,22;1004,77;800,189;23,780472;1;3686448;204,553;201,263;202,96;39,001;32,473;49,016;
2023-08-15;19:04:59;2;6,391;1034,91;1004,49;806,07;23,776906;1;3686508;219,715;216,1;217,985;38,996;32,513;48,887;
2023-08-16;19:00:59;3;6,111;1035,52;1006,82;799,331;23,77599;1;3689268;41,913;41,326;41,59;39,001;32,278;49,149;
2023-08-16;19:01:59;3;6,471;1035,11;1006,42;820,664;23,770558;1;3689328;45,548;44,887;45,192;39;32,345;48,961;
2023-08-16;19:02:59;3;6,355;1034,71;1006,13;817,418;23,774566;1;3689388;49,002;48,272;48,613;38,999;32,386;48,796;
2023-08-16;19:03:59;3;6,335;1034,33;1005,75;807,341;23,777298;1;3689448;52,592;51,783;52,17;39;32,429;48,655;
2023-08-16;19:04:59;3;6,328;1034;1005,37;804,541;23,77599;1;3689508;55,985;55,098;55,529;39;32,475;48,532;
2023-08-17;19:00:59;4;6,143;1035,21;1005,51;799,95;23,804195;1;3692268;69,937;68,862;69,392;39,001;32,204;49,528;
2023-08-17;19:01:59;4;6,435;1035,02;1005,26;824,718;23,789356;1;3692328;77,036;75,829;76,431;38,998;32,271;49,346;
2023-08-17;19:02:59;4;6,384;1034,84;1005;817,279;23,792726;1;3692388;83,935;82,594;83,272;38,998;32,347;49,194;
2023-08-17;19:03:59;4;6,351;1034,65;1004,69;796,514;23,788292;1;3692448;90,67;89,19;89,949;39,002;32,4;49,03;
2023-08-17;19:04:59;4;6,337;1034,47;1004,5;802,754;23,810837;1;3692508;97,14;95,531;96,362;38,999;32,453;48,891;
2023-08-18;19:00:59;5;6,103;1032,55;1002,36;808,387;23,792432;1;3695268;54,193;53,153;53,73;39;32,057;48,718;
2023-08-18;19:01:59;5;6,393;1032,01;1001,82;827,77;23,789552;1;3695328;61,217;60,001;60,685;38,999;32,116;48,506;
2023-08-18;19:02:59;5;6,392;1031,54;1001,31;822,427;23,797601;1;3695388;68,054;66,66;67,454;39;32,173;48,335;
2023-08-18;19:03:59;5;6,34;1031,1;1000,83;819,108;23,801495;1;3695448;74,581;73,009;73,915;39;32,227;48,185;
2023-08-18;19:04:59;5;6,324;1030,7;1000,39;808,597;23,801299;1;3695508;80,994;79,243;80,261;39,001;32,283;48,05;
2023-08-19;19:00:59;6;6,133;1027,71;998,33;831,325;23,790534;1;3698268;75,675;73,824;74,928;39,003;31,692;48,026;
2023-08-19;19:01:59;6;6,47;1027,27;997,79;845,641;23,788522;1;3698328;88,899;86,668;88,011;38,999;31,774;47,793;
2023-08-19;19:02:59;6;6,38;1026,82;997,31;853,287;23,789372;1;3698388;101,728;99,114;100,698;39;31,85;47,587;
2023-08-19;19:03:59;6;6,299;1026,44;996,81;835,106;23,78862;1;3698448;114,089;111,091;112,923;39,001;31,916;47,433;
2023-08-19;19:04:59;6;6,305;1026,1;996,32;837,506;23,784922;1;3698508;126,138;122,751;124,836;38,998;31,971;47,287;
2023-08-20;19:00:59;7;6,11;1029,79;997,32;857,237;23,767384;1;3701268;81,258;79,238;80,503;38,999;31,357;47,464;
2023-08-20;19:01:59;7;6,395;1029,58;996,96;864,845;23,765339;1;3701328;90,776;88,482;89,927;38,999;31,475;47,242;
2023-08-20;19:02:59;7;6,351;1029,35;996,6;862,75;23,769773;1;3701388;100,401;97,821;99,455;39,002;31,556;47,031;
2023-08-20;19:03:59;7;6,335;1028,38;997,39;858,481;23,769642;1;3701448;109,711;106,95;108,648;39,001;31,623;46,789;
2023-08-20;19:04:59;7;6,294;1027,22;998,47;846,854;23,76866;1;3701508;118,491;115,595;117,305;38,997;31,7;46,52;
2023-08-21;19:00:59;1;6,157;1034,49;1005,34;826,827;23,768415;1;3704268;37,731;37,137;37,429;39,002;31,758;48,684;
2023-08-21;19:01:59;1;6,467;1034,29;1005,1;846,258;23,763916;1;3704328;45,553;44,823;45,186;39;31,837;48,43;
2023-08-21;19:02:59;1;6,394;1034,17;1004,89;841,308;23,770509;1;3704388;53,334;52,467;52,903;39,001;31,915;48,251;
2023-08-21;19:03:59;1;6,411;1034,1;1004,73;838,818;23,779998;1;3704448;60,928;59,926;60,434;39;31,983;48,111;
2023-08-21;19:04:59;1;6,372;1033,92;1004,51;828,554;23,775531;1;3704508;67,907;66,772;67,353;38,998;32,034;47,916;
2023-08-22;19:00:59;2;6,169;1039,8;1010,94;815,635;23,782436;1;3707268;24,782;24,564;24,62;39,001;32,053;49,236;
2023-08-22;19:01:59;2;6,492;1040,1;1011,14;826,377;23,775777;1;3707328;25,717;25,498;25,551;39;32,126;48,996;
2023-08-22;19:02:59;2;6,336;1040,44;1011,41;819,554;23,769167;1;3707388;26,5;26,283;26,331;39,001;32,185;48,854;
2023-08-22;19:03:59;2;6,387;1040,52;1011,43;824,639;23,774533;1;3707448;27,017;26,797;26,845;38,998;32,239;48,535;
2023-08-22;19:04:59;2;6,342;1040,93;1011,74;819,425;23,76776;1;3707508;27,697;27,484;27,525;38,999;32,291;48,451;
2023-08-23;19:00:59;3;6,163;1041,55;1012,72;794,693;23,778983;1;3710268;19,39;19,263;19,273;39,001;32,283;49,861;
2023-08-23;19:01:59;3;6,442;1041,69;1012,74;812,933;23,776873;1;3710328;23,295;23,143;23,155;39,002;32,341;49,62;
2023-08-23;19:02:59;3;6,439;1041,88;1012,81;810,435;23,796064;1;3710388;27,109;26,936;26,948;39,002;32,4;49,448;
2023-08-23;19:03:59;3;6,361;1042,26;1013,13;808,16;23,792153;1;3710448;31,411;31,224;31,228;38,998;32,448;49,418;
2023-08-23;19:04:59;3;6,344;1042,4;1013,25;814,904;23,791057;1;3710508;35,296;35,091;35,091;39,001;32,496;49,272;
2023-08-24;19:00:59;4;6,178;1035,81;1005,28;828,625;23,779327;1;3713268;205,513;202,341;203,946;38,999;31,908;48,222;
2023-08-24;19:01:59;4;6,454;1035,52;1004,79;839,502;23,776039;1;3713328;231,79;228,083;230,004;39,003;31,983;47,998;
2023-08-24;19:02:59;4;6,412;1035,26;1004,33;837,195;23,780685;1;3713388;257,29;253,041;255,289;38,998;32,046;47,826;
2023-08-24;19:03:59;4;6,347;1035;1003,92;822,439;23,784039;1;3713448;281,977;277,189;279,764;39,002;32,111;47,672;
2023-08-24;19:04:59;4;6,354;1034,74;1003,62;822,379;23,78808;1;3713508;305,739;300,434;303,317;38,997;32,166;47,539;
2023-08-25;19:00:59;5;6,145;1037,32;1007,24;819,681;23,791254;1;3716268;92,158;90,951;91,494;39,001;31,965;48,603;
2023-08-25;19:01:59;5;6,425;1037,09;1007;826,656;23,79055;1;3716328;103,455;102,069;102,703;39,001;32,051;48,358;
2023-08-25;19:02:59;5;6,364;1036,89;1006,78;832,291;23,78862;1;3716388;114,436;112,872;113,597;39;32,118;48,148;
2023-08-25;19:03:59;5;6,314;1036,74;1006,54;826,287;23,782894;1;3716448;124,923;123,181;124,002;39,001;32,16;47,974;
2023-08-25;19:04:59;5;6,35;1036,73;1006,3;824,8;23,782403;1;3716508;135,257;133,34;134,26;38,998;32,209;47,865;
2023-08-26;19:00:59;6;6,153;1035,04;1004,73;828,841;23,7852;1;3719268;102,97;101,304;102,163;38,999;31,792;48,05;
2023-08-26;19:01:59;6;6,463;1034,75;1004,41;844,672;23,771343;1;3719328;114,238;112,345;113,333;38,998;31,873;47,82;
2023-08-26;19:02:59;6;6,36;1034,61;1004,12;846,043;23,77082;1;3719388;125,345;123,228;124,348;39,001;31,938;47,623;
2023-08-26;19:03:59;6;6,313;1034,41;1003,85;835,397;23,778427;1;3719448;135,691;133,356;134,604;39,003;32;47,46;
2023-08-26;19:04:59;6;6,327;1034,25;1003,6;848,935;23,773372;1;3719508;145,894;143,341;144,719;38,998;32,058;47,315;
2023-08-27;19:00:59;7;6,171;1032,85;1002,1;848,079;23,77949;1;3722268;138,742;136,056;137,57;39,001;31,672;47,614;
2023-08-27;19:01:59;7;6,433;1032,56;1001,71;855,702;23,773306;1;3722328;149,554;146,59;148,279;39,001;31,753;47,4;
2023-08-27;19:02:59;7;6,399;1032,27;1001,39;852,237;23,781061;1;3722388;160,282;157,044;158,903;39,002;31,821;47,213;
2023-08-27;19:03:59;7;6,392;1031,96;1001,09;843,708;23,782059;1;3722448;170,461;166,952;168,979;39,001;31,889;47,049;
2023-08-27;19:04:59;7;6,334;1031,71;1000,72;838,82;23,784595;1;3722508;180,226;176,438;178,647;38,999;31,951;46,903;
2023-08-28;19:00:59;1;6,1;1029,74;999,79;864,833;23,767973;1;3725268;30,14;29,463;29,859;39,003;31,282;46,968;
2023-08-28;19:01:59;1;6,443;1029,19;999,18;884,762;23,759956;1;3725328;33,281;32,508;32,966;38,999;31,37;46,64;
2023-08-28;19:02:59;1;6,351;1028,75;998,66;877,91;23,764161;1;3725388;36,098;35,237;35,751;39,001;31,464;46,388;
2023-08-28;19:03:59;1;6,356;1028,38;998,18;865,691;23,76992;1;3725448;38,81;37,863;38,434;39,001;31,552;46,189;
2023-08-28;19:04:59;1;6,339;1028,02;997,67;862,762;23,774975;1;3725508;41,355;40,321;40,95;39,001;31,622;46,011;
2023-08-29;19:00:59;2;6,087;1031;1000,2;879,606;23,754279;1;3728268;77,042;75,368;76,351;39,002;31,089;46,864;
2023-08-29;19:01:59;2;6,399;1030,73;999,76;893,306;23,747212;1;3728328;88,813;86,838;88,01;38,999;31,201;46,665;
2023-08-29;19:02:59;2;6,372;1030,36;999,36;884,816;23,756243;1;3728388;98,971;96,723;98,067;39,002;31,311;46,471;
2023-08-29;19:03:59;2;6,316;1029,92;999;877,879;23,76403;1;3728448;107,723;105,225;106,726;38,999;31,393;46,292;
2023-08-29;19:04:59;2;6,341;1029,51;998,69;867,452;23,765732;1;3728508;115,498;112,772;114,416;39,001;31,475;46,135;
2023-08-30;19:00:59;3;6,104;1032,37;1002,49;870,566;23,752823;1;3731268;44,403;43,554;44,021;39,002;31,331;47,064;
2023-08-30;19:01:59;3;6,417;1032,08;1002,19;879,379;23,755359;1;3731328;49,651;48,684;49,221;39;31,43;46,791;
2023-08-30;19:02:59;3;6,382;1031,96;1001,9;862,514;23,768873;1;3731388;54,602;53,521;54,127;39,002;31,522;46,577;
2023-08-30;19:03:59;3;6,306;1031,83;1001,62;866,937;23,773928;1;3731448;59,596;58,398;59,076;39;31,597;46,385;
2023-08-30;19:04:59;3;6,317;1031,7;1001,32;854,812;23,779147;1;3731508;64,182;62,871;63,619;38,998;31,677;46,228;
2023-08-31;19:00:59;4;6,115;1036,38;1005,85;840,864;23,799172;1;3734268;22,706;22,371;22,536;39;31,601;48,365;
2023-08-31;19:01:59;4;6,401;1036,58;1005,77;861,3;23,792546;1;3734328;25,147;24,776;24,96;39;31,689;48,124;
2023-08-31;19:03:59;4;6,372;1036,94;1005,88;840,368;23,803164;1;3734448;29,913;29,478;29,694;38,999;31,839;47,702;
2023-08-31;19:04:59;4;6,346;1037,18;1005,97;837,293;23,806338;1;3734508;32,117;31,654;31,884;39;31,906;47,553;
2023-09-01;19:00:59;5;6,158;1037,56;1008,03;826,218;23,812555;1;3737268;15,397;15,208;15,287;39,001;31,86;48,5;
2023-09-01;19:01:59;5;6,463;1037,42;1008,01;841,206;23,8066;1;3737328;18,415;18,187;18,282;38,998;31,948;48,136;
2023-09-01;19:02:59;5;6,468;1037,45;1007,98;842,212;23,801266;1;3737388;21,373;21,108;21,219;38,999;32,018;47,893;
2023-09-01;19:03:59;5;6,379;1037,47;1008,02;836,46;23,802117;1;3737448;24,307;24,008;24,132;39;32,088;47,683;
2023-09-01;19:04:59;5;6,386;1037,55;1008,07;824,718;23,807467;1;3737508;27,049;26,718;26,855;38,998;32,145;47,534;
2023-09-02;19:00:59;6;6,132;1031,91;1001,38;825,57;23,810281;1;3740268;119,141;116,72;118,103;39,003;31,826;47,823;
2023-09-02;19:01:59;6;6,421;1031,33;1000,75;848,516;23,795049;1;3740328;134,839;131,995;133,644;38,999;31,903;47,634;
2023-09-02;19:02:59;6;6,422;1030,78;1000,2;838,177;23,801921;1;3740388;151,041;147,751;149,679;38,999;31,969;47,491;
2023-09-02;19:03:59;6;6,369;1030,46;999,35;829,552;23,807074;1;3740448;166,571;162,79;165,054;39,002;32,026;47,356;
2023-09-02;19:04:59;6;6,327;1029,89;998,83;836,879;23,798796;1;3740508;181,409;177,171;179,729;38,996;32,078;47,215;
2023-09-03;19:00:59;7;6,129;1030,37;999,15;846,272;23,780554;1;3743268;150,166;146,724;148,795;39,002;31,55;47,616;
2023-09-03;19:01:59;7;6,428;1030,17;998,92;867,954;23,76812;1;3743328;170,124;166,177;168,561;38,999;31,635;47,377;
2023-09-03;19:02:59;7;6,362;1029,98;998,82;861,785;23,769282;1;3743388;190,091;185,654;188,335;39;31,722;47,193;
2023-09-03;19:03:59;7;6,331;1029,84;998,6;853,679;23,76493;1;3743448;209,107;204,172;207,167;38,998;31,802;47,036;
2023-09-03;19:04:59;7;6,318;1029,7;998,32;841,918;23,776709;1;3743508;227,623;222,181;225,503;38,998;31,871;46,869;
2023-09-04;19:00:59;1;6,089;1029,24;997,79;847,356;23,785429;1;3746268;30,795;30,039;30,504;39;31,577;47,519;
2023-09-04;19:01:59;1;6,412;1028,78;997,22;859,087;23,773143;1;3746328;32,365;31,547;32,054;38,999;31,661;47,229;
2023-09-04;19:02:59;1;6,366;1028,37;996,65;858,67;23,775221;1;3746388;33,975;33,094;33,645;38,998;31,743;47,01;
2023-09-04;19:03:59;1;6,318;1028,02;996,13;844,497;23,778918;1;3746448;35,501;34,559;35,153;39;31,81;46,822;
2023-09-04;19:04:59;1;6,283;1027,72;995,46;844,525;23,790076;1;3746508;36,966;35,958;36,601;38,999;31,872;46,668;
2023-09-05;19:00:59;2;6,091;1027,11;993,72;874,272;23,76812;1;3749268;28,41;27,582;28,125;39,002;31,17;47,218;
2023-09-05;19:01:59;2;6,453;1026,93;993,31;892,497;23,759597;1;3749328;30,817;29,905;30,506;38,999;31,279;46,968;
2023-09-05;19:02:59;2;6,374;1026,75;993,06;881,587;23,766075;1;3749388;33,081;32,093;32,746;39,001;31,38;46,763;
2023-09-05;19:03:59;2;6,321;1026,62;992,75;868,006;23,777953;1;3749448;34,97;33,914;34,614;39;31,48;46,572;
2023-09-05;19:04:59;2;6,307;1026,45;992,6;863,381;23,78466;1;3749508;36,816;35,697;36,44;39,002;31,564;46,392;
2023-09-06;19:00:59;3;6,133;1022,27;991,01;925,006;23,756602;1;3752268;18,08;17,481;17,873;39,001;30,614;46,023;
2023-09-06;19:01:59;3;6,429;1021,92;990,52;934,789;23,754312;1;3752328;20,169;19,49;19,937;39,003;30,755;45,707;
2023-09-06;19:02:59;3;6,415;1021,66;990,06;927,887;23,760153;1;3752388;22,143;21,386;21,887;38,998;30,873;45,439;
2023-09-06;19:03:59;3;6,359;1021,31;989,66;905,468;23,770329;1;3752448;24,064;23,229;23,783;39,002;30,98;45,203;
2023-09-06;19:04:59;3;6,367;1021,04;989,29;892,254;23,778787;1;3752508;26,009;25,096;25,704;39,003;31,092;44,991;
2023-09-07;19:00:59;4;6,128;1026,7;993,08;944,897;23,754738;1;3755268;30,922;29,999;30,608;39,003;30,438;46,004;
2023-09-07;19:01:59;4;6,501;1026,54;992,81;950,133;23,745952;1;3755328;34,056;33,028;33,708;39,003;30,592;45,679;
2023-09-07;19:02:59;4;6,433;1026,37;992,56;937,383;23,755048;1;3755388;36,917;35,792;36,538;39;30,711;45,381;
2023-09-07;19:03:59;4;6,405;1025,75;992,98;920,962;23,755294;1;3755448;39,694;38,495;39,28;39,001;30,835;45,093;
2023-09-07;19:04:59;4;6,409;1024,84;993,78;915;23,759335;1;3755508;42,35;41,093;41,898;39;30,947;44,771;
2023-09-08;19:00:59;5;6,025;1023,78;992,83;1118,977;23,67611;1;3758268;22,523;21,827;22,276;39,175;30,03;45,843;
2023-09-08;19:01:59;5;6,353;1023,74;992,66;975,914;23,744103;1;3758328;24,664;23,897;24,393;39,008;30,223;45,365;
2023-09-08;19:02:59;5;6,386;1023,58;992,34;964,945;23,749404;1;3758388;27,893;27,016;27,585;39,003;30,356;45,034;
2023-09-08;19:03:59;5;6,347;1023,35;992,02;956,925;23,757061;1;3758448;30,959;29,975;30,616;39,003;30,504;44,741;
2023-09-08;19:04:59;5;6,324;1023,23;991,77;930,595;23,762885;1;3758508;33,812;32,727;33,436;39,003;30,628;44,492;
2023-09-09;19:00:59;6;6,029;1024,06;993,46;1204,731;23,61147;1;3761268;30,115;29,205;29,787;38,917;29,732;45,343;
2023-09-09;19:01:59;6;6,34;1024,31;993,63;1113,935;23,66685;1;3761328;33,95;32,933;33,583;39,178;29,956;44,829;
2023-09-09;19:02:59;6;6,384;1024,17;993,49;984,827;23,727465;1;3761388;36,776;35,667;36,376;39,002;30,134;44,443;
2023-09-09;19:03:59;6;6,359;1024,05;993,17;970,118;23,73859;1;3761448;40,724;39,483;40,281;39,004;30,29;44,137;
2023-09-09;19:04:59;6;6,336;1023,88;992,88;962,091;23,743776;1;3761508;44,543;43,17;44,056;39;30,423;43,86;
2023-09-10;19:00:59;7;6,1;1027,76;995,91;1128,914;23,658817;1;3764268;17,294;16,83;17,123;39,172;29,997;45,73;
2023-09-10;19:01:59;7;6,39;1027,89;995,76;974,254;23,742876;1;3764328;18,795;18,289;18,61;39,014;30,185;45,219;
2023-09-10;19:02:59;7;6,319;1027,84;995,56;965,406;23,748242;1;3764388;21,252;20,675;21,043;39,003;30,34;44,886;
2023-09-10;19:03:59;7;6,318;1027,72;995,37;946,17;23,758713;1;3764448;23,65;23,003;23,416;39,005;30,485;44,571;
2023-09-10;19:04:59;7;6,351;1027,66;995,16;937,385;23,762116;1;3764508;25,854;25,141;25,598;38,999;30,618;44,302;
2023-09-11;19:00:59;1;6,156;1026,49;994,38;1203,847;23,627046;1;3767268;17,935;17,421;17,752;38,818;29,613;45,804;
2023-09-11;19:01:59;1;6,516;1027,1;994,75;1214,45;23,621548;1;3767328;21,501;20,896;21,285;39,101;29,844;45,283;
2023-09-11;19:02:59;1;6,462;1027,46;994,93;968,727;23,756046;1;3767388;24,583;23,898;24,338;39,082;30,049;44,836;
2023-09-11;19:03:59;1;6,391;1027,5;995,07;982,622;23,738999;1;3767448;28,151;27,371;27,871;39,002;30,215;44,511;
2023-09-11;19:04:59;1;6,415;1027,57;995,08;964,475;23,749159;1;32014; ; ; ;39,003;30,363;44,22;
2023-09-12;19:00:59;2;6,181;1024,61;991,53;1213,747;23,590971;1;3770268;59,39;57,494;58,753;38,108;28,881;45,35;
2023-09-12;19:01:59;2;6,496;1024,96;992,09;1228,47;23,585163;1;3770328;64,693;62,669;64,005;38,392;29,101;44,809;
2023-09-12;19:02:59;2;6,436;1025,46;992,49;1217,747;23,587895;1;3770388;70,578;68,406;69,837;38,68;29,34;44,312;
2023-09-12;19:03:59;2;6,454;1026,05;992,85;1222,152;23,589711;1;3770448;76,858;74,533;76,064;38,961;29,562;43,859;
2023-09-12;19:04:59;2;6,422;1026,55;993,19;1088,243;23,656019;1;3770508;82,515;80,058;81,674;39,172;29,784;43,468;
